"","Total Gross Income Tax Division","Total refunds from the Income Tax Department","Total Income Tax Division Net","Deductions and the capital market","Deduction from salary","Independents advances","Self-employed tax differences","Independent Cancellations","self employed returns","Capital Gains Tax Refunds","VAT Financial Institutions (Salary)","Non-profit institution tax","Companies advances","tax differential companies","Cancellation companies","Income tax for self-employed individuals and companies (advances and deductions)","Companies returns","excess expenses","Bonds and dividends","Cancellations Deductions","Goods and services","Gross local VAT","VAT refund autonomy and traders","Total net VAT","Net local sales tax","Gross fuel tax","Gross import VAT","Net customs","Net import purchase tax","Total import taxes","Real estate taxation","Property tax","praise tax","Real estate purchase tax","praise tax returns","purchase returns","Apartments sold at an annual rate","Apartment Price Index (1993=100) - Mid-period reviewed","cons_trust","madad meshulav","madad_cc_purchases_sa","madad_pedio","madad_yetzur_industrial","Oil","real salary","salaried jobs","unemployment rate","participation rate","employment rate","TA35","TA125","Nasdaq","sp500","Reer","Dollar","Foreign exchange reserves (millions of dollars)","Foreign exchange reserves (millions of shekels)","GDP"
"Total Gross Income Tax Division",0.0218137037976888,-2931.35791516849,0.0222731763422939,0.0213032037709039,0.0151518216344614,3178.58605910205,3822.8971060908,1282.2959193147,-1028.23817290018,89.8277504470627,-708.310677097673,3051.97911611099,6329.05938910311,6837.74109057578,1045.60761500626,20301.3126410746,-1825.2011569894,189.751681926087,22216.7471446832,466.887931107867,0.00167529887620581,0.00818793399386326,-13.2369397479799,0.00631338750684919,0.128412054079478,0.00107259279787087,0.00366848033515761,0.00249810938550094,-0.597471396781591,-0.388397388944118,0.00319354869319133,0.00460792891690585,0.00176526932680965,0.00334008194245461,158.275922331682,88.9120174576566,48.0495999124347,7.73702233597662e-05,6.6060727855201e-06,3.10231332739289e-05,7.51118060537944e-05,-2.46679339024822e-05,0.000153063441648359,8.70213928164768e-05,-11.5710150966203,-2.66457122660223,1.14563399575057e-05,-9.14503258077764e-06,-8.77670389977955e-06,-0.200972779235372,0.00022028075944468,4.41132192181264e-05,0.000104427312838628,-0.000179695685230731,7.8375050200431e-05,-3.52343248904249e-05,8.70521960877383e-05,NA
"Total refunds from the Income Tax Department",-2931.35791516849,166630553767.043,4628.40825104612,-3757.09955423872,-2293.94649557118,-8632548160.04609,-55207664581.0915,139432087.115939,27537106999.7869,1461284288.33355,-3833702445.24616,-3306494278.00475,20761152669.7272,-115292152042.965,1165755365.57395,-155363593344.167,133679983515.992,-655294898.027453,-38108864062.056,3943061100.70112,68.7657907183178,-4573.54143974046,42482777.8684661,-1184.13461319627,-1082689.62277058,-1498.65438692403,-1760.01881195727,-7219.91147422652,-26414484.6368093,-22439986.8427666,-763.652303577736,-6319.32803253176,2623.89585692847,-446.505943798268,795465499.852761,-186079127.845498,-154629533.575196,55.1529811945791,1311.0512691873,423.722470728365,1548.5098831697,1093.3253343506,564.824744281581,-239.114466772925,23650883.2714602,6553945.06089906,948.369889793499,38.304129746772,38.5449307691588,3608463.14572704,-155.631914364379,-1850.73288383546,-604.068891350026,-13.3299560758313,-50.3458321309424,-264.01573279138,-1229.77863870247,NA
"Total Income Tax Division Net",0.0222731763422939,4628.40825104612,0.0252261033993143,0.0217886256221764,0.0155775260153567,2903.74822494195,3647.14068280391,1227.58110963095,-237.636513328411,182.255049276136,-711.803657996305,2724.33953118384,6581.56495503964,7403.66567292243,1092.60363680084,20683.6561688315,4430.10367834633,178.227783194493,21495.6915608252,445.154539689475,0.00156058371696756,0.00856052394941266,-9.89426359760932,0.0072694975005719,0.13302672950868,-7.2230911755413e-05,0.00248004306747556,0.00117749761641671,-1.9385581941668,-1.89826122310721,0.00300016506821681,0.00277334359611487,0.00246513816410623,0.00298112960441799,229.616552131515,92.8914908075603,60.7816354905996,8.54551075937767e-05,0.00025604206946517,4.26717229741517e-05,7.37925560497061e-05,-6.31595047578367e-05,0.000238166488408387,0.000175457464313955,-9.90202783432755,-3.32839472488566,-3.93546978462503e-05,2.17124707812637e-06,7.41161693358008e-06,-0.200871535210113,0.00032586527538329,1.71904075252873e-05,5.02046094918534e-05,-0.000118751297657676,5.15774275792161e-06,-4.64220608104823e-05,2.51254649260589e-05,NA
"Deductions and the capital market",0.0213032037709039,-3757.09955423872,0.0217886256221764,0.0281120990851013,0.0190354952799457,3459.05149192886,2153.75691252239,1510.3442576219,-1094.68248032921,110.578541588592,-627.787194269451,3453.98349057643,6242.42779811847,-4520.41946693137,904.970508421257,7271.1009966573,-2569.21884773203,195.070946854145,30578.8419330188,473.445370647836,0.00276008595914229,0.00773856215111846,-14.6106465511203,0.00518494313795424,0.229188854033105,0.00039972043036265,0.00368117267251186,0.00116710564073797,-0.269784916454357,-0.0668041613339701,1.53572302870161e-05,0.00388679302887093,-0.00174964540068506,0.000347039841505978,188.749786041227,189.369781820242,35.2844828752162,5.2533274904025e-05,-0.000243202187789061,6.79275605064581e-06,-8.7715041076156e-05,-0.000123320195175712,-5.93994288002015e-06,-0.000219011752106807,-14.380135532442,-4.26587185813229,-0.000400352260258442,1.8831476511207e-05,3.21591968240895e-05,-0.0742889933522727,-2.86205511715028e-05,-0.000236180843344808,-0.000213678751214111,2.24868826004688e-05,0.000150415264697188,-0.00015661521259636,4.48884246421201e-05,NA
"Deduction from salary",0.0151518216344614,-2293.94649557118,0.0155775260153567,0.0190354952799457,0.0180633094508144,2441.65865397816,1865.47083211046,346.860276317755,-893.502736126668,63.8223579676866,-539.955414782057,2775.88107537377,4674.90637658893,-1308.70738155484,801.138046393451,6920.70483588615,-1309.22143594255,136.246639110911,14642.9687893974,93.3802502069355,-0.00245906845640564,0.00881725410138222,-9.66168362766591,0.00726388028549536,0.213744191806177,-8.78352434557e-05,0.00278802579039505,0.00160418786134991,-0.115070254036739,-0.00707149074902621,0.00105248075684944,0.004795373458136,0.000283892873541405,0.000554121866844319,134.22627407284,124.968098687524,38.5423852804154,3.09827994258304e-05,-0.000475799067396759,-8.85992857570244e-06,-0.000260482278721639,-0.000222181355179858,9.32466764474117e-06,0.000386279720231787,-2.02625257259594,0.245420561169474,0.000187403503066455,4.83985196565099e-05,4.54177265684006e-05,-0.0801524052771826,-8.09164017829035e-05,-0.000183378140613561,-0.000177771877476261,-5.91385377762511e-05,0.000119920294411766,-0.000127096616179643,5.19989058151888e-05,NA
"Independents advances",3178.58605910205,-8632548160.04609,2903.74822494195,3459.05149192886,2441.65865397816,122691295689.852,-96514582129.5034,1989329154.68499,-13405292800.384,-99359316.9259053,5975344785.80037,6726745473.19862,250196211090.509,-259799382326.476,2012493232.88408,16192828906.5475,5625849190.0006,-4932683029.82342,-51869585450.0105,711331771.919808,217.347619371428,5286.96671180609,-46376322.4683392,4074.33126398876,3146257.08898576,331.243423287574,2871.64404426298,17869.9708726426,19807763.2408487,15002158.6642898,-2584.71784962919,4877.22702360422,-2535.52051186886,-2295.99059781607,5360683.7204139,124809560.837367,486277374.785554,-196.44188794913,-699.370918760383,-0.756845626059601,475.466747592144,650.72872034184,-64.4683924682824,165.030452008116,-8063476.52177795,658488.539354277,-111.064015454549,-35.7416913586676,-34.9003447226373,1665233.91351554,-428.01866163776,-186.693676012324,125.682217202669,190.736494326566,196.789026788559,-565.49031115181,-494.254429866441,NA
"Self-employed tax differences",3822.8971060908,-55207664581.0915,3647.14068280391,2153.75691252239,1865.47083211046,-96514582129.5034,436171284646.39,-10040022313.9161,-9426115353.16587,-1699857399.00169,6459016355.35402,-4281225120.95358,-402097232634.319,846685528835.684,-5094688059.77922,763923970151.178,-43073527080.3779,11583819784.5731,215283813316.186,-8203455853.76767,1922.40225724181,3968.09986370632,39296055.154068,4823.20089101295,2575389.89000221,-490.407527818916,-645.884688553046,-34165.5771279299,8246064.07183115,7719991.91143495,3616.73438945982,-11784.6000025107,8164.21535906785,4586.09209619992,-1115014888.99103,-134428774.122549,863982298.61256,280.186124346422,-154.19611111098,212.353645795323,636.218547809022,337.733204368136,846.246266542787,5654.12668458172,-29816494.2284729,-6521383.67578694,-2343.49910950857,374.007169931815,463.946444771638,4309335.71993334,1433.74302479823,490.710804830307,514.065248421344,-699.669925150249,-274.768330166324,1353.02158572524,1345.80503515996,NA
"Independent Cancellations",1282.2959193147,139432087.115939,1227.58110963095,1510.3442576219,346.860276317755,1989329154.68499,-10040022313.9161,3687190161.85239,467616685.564263,116151183.111231,-47126655.7250846,369377972.011111,12971810532.0491,-20208971646.3358,-199122429.843563,-13651815278.3801,-278059970.852392,-284619026.808065,-6515132639.87374,300371305.258694,507.841266149305,211.429973020942,-8215102.51832534,-100.049874147899,-26717.4960521781,86.1166054715001,175.673026872897,2781.74919807428,2782818.60746647,3003588.45440295,-0.454571356325084,1981.9197463551,-148.716020920157,67.8149480559008,121378786.818995,12791222.7958749,2181973.18679439,12.347720443317,-23.5201656343559,-10.2950234162065,-5.56225640369971,-30.5913363747776,34.4986280841984,84.88712792597,-22451427.1315447,-8553862.63856578,-801.288546397912,-41.3759168150906,-20.5797565965096,40765.2395144444,-7.74986571847715,22.2039970706617,19.1253436372775,-56.7303014273435,27.9913361500694,115.025536950403,-22.8476062657481,NA
"self employed returns",-1028.23817290018,27537106999.7869,-237.636513328411,-1094.68248032921,-893.502736126668,-13405292800.384,-9426115353.16587,467616685.564263,19834857372.4433,544634885.701832,-2905888603.46378,-2926610972.73583,-18185258732.4239,-9289938796.1362,97573355.2168737,-48886257398.5841,6777060859.10401,-116592777.500166,-11894465772.0279,1163126659.22363,-1863.09055598368,-3408.56423622841,12960672.6672524,-2409.89902829442,-805779.226941538,-393.528486627451,-996.704448158671,-3129.3250957233,-10504759.7496871,-7899758.43359769,-166.794744314976,-2843.15804885966,199.321117064889,36.9756521566482,283352316.797628,-6669475.55215704,-100586073.072348,155.743547830851,339.760180943576,52.9649219469841,64.1951086061113,21.8741188375966,6.14359831751132,537.512730282735,2297887.01898212,-648974.958801854,-218.765325619934,56.8250883962013,69.0061649263817,1287573.69095596,229.517594238678,-613.324190035657,-190.157984985052,111.462604043596,132.956110738332,159.419041437562,-67.2788847158584,NA
"Capital Gains Tax Refunds",89.8277504470627,1461284288.33355,182.255049276136,110.578541588592,63.8223579676866,-99359316.9259053,-1699857399.00169,116151183.111231,544634885.701832,240173357.57233,-643115.268828401,-275252922.581998,729738074.424689,-2176601590.04531,31299916.7796367,-3100514860.50291,678539565.394929,-22157736.6985589,-809313232.965309,36335850.5792051,-306.943448615546,-287.149816491001,374030.604404299,-312.484687753305,-43848.2632119895,16.220656123459,-179.083666384154,-165.105907293623,-850821.686594337,-835197.630471255,147.087969848447,864.025452172094,253.439641255034,45.6850398943455,202855030.217346,29461857.0453116,1777772.41258558,0.604273729586475,-42.5998469306513,3.58237045429781,14.1341348981976,17.7113434196554,9.11697962734947,121.998087091548,-177721.642997202,-119845.31324314,39.8739690806958,-6.15183956131263,-7.16504535775088,-137290.894783432,-47.2438031556329,-89.6501361686517,-68.5288489589738,5.31315054653139,-1.50229242126315,5.52168475304883,-39.3260773098514,NA
"VAT Financial Institutions (Salary)",-708.310677097673,-3833702445.24616,-711.803657996305,-627.787194269451,-539.955414782057,5975344785.80037,6459016355.35402,-47126655.7250846,-2905888603.46378,-643115.268828401,3568873338.87638,-348218000.514537,14067277166.3329,9893009509.5326,161864514.975883,35616706432.4576,-886430040.464865,-162980331.897215,2581543173.3473,-983104252.140181,347.360313990052,-292.486785484741,-2171244.89117856,-326.720763900185,502487.61407438,-56.6029069390083,-351.301261868271,349.340220326111,3412357.35037817,1832711.25752214,-98.7087491524101,81.7643100548657,59.3658720382678,-304.21326788576,-19550011.2429058,-18911069.96383,148943983.465017,-53.5556791461263,-105.794258995383,4.53589003476071,-15.9015464826647,84.2253060373143,112.339445033874,59.5655975708177,-3414297.03022833,-999002.241336726,-304.485943843729,4.90315725882833,15.7831115203879,-462376.735840797,84.8346307484315,-23.4797577933467,31.7259916405774,74.7860810847542,34.4357235868105,-16.1235193008691,8.25967941933563,NA
"Non-profit institution tax",3051.97911611099,-3306494278.00475,2724.33953118384,3453.98349057643,2775.88107537377,6726745473.19862,-4281225120.95358,369377972.011111,-2926610972.73583,-275252922.581998,-348218000.514537,13376688948.7788,5278928336.72188,-20474150805.8458,189607161.124263,-12996412411.7265,-325231968.602302,-159714630.739145,-3237018732.99222,-963273525.127422,-930.900443820637,1438.3291184008,-10668846.2535494,427.425427699802,149992.887823426,146.542061507741,1223.14621406902,6009.29382071451,3494889.41685807,4503867.73265738,2560.44217780223,6235.69724901827,2009.05714463887,2952.1588632333,-124176072.041855,-17733456.4833331,54525701.66375,-21.0125275113085,127.046533379311,-8.46444605997932,193.843645220993,35.8853232115238,-67.7570878975627,-324.978119017475,-4117716.93468832,-250962.851265748,-10.2346478985796,-19.9787916262749,-15.6317387056598,-2155629.69117989,-175.244085785951,33.6759079783838,-92.1432425124565,-27.3198827523464,235.947048886425,-12.7235810364488,292.126342030564,NA
"Companies advances",6329.05938910311,20761152669.7272,6581.56495503964,6242.42779811847,4674.90637658893,250196211090.509,-402097232634.319,12971810532.0491,-18185258732.4239,729738074.424689,14067277166.3329,5278928336.72188,953131347503.893,-986441443186.47,2053642391.21138,-182174163876.682,40049771193.4998,-18584459960.7729,-233184366998.595,1966614359.80455,-708.115837559282,8144.84418732518,-81258623.6298992,3629.94031702685,7127152.33047571,2658.4200666369,1850.43217744239,32130.5505933472,10845056.8218421,-6409161.51212321,-4421.40359105607,11172.5894320958,-7246.62252295154,-7523.55781600771,459451312.400269,65707417.0005075,1230062542.2545,-562.019825923162,1381.44696072626,-117.795585267672,31.8237986740737,575.895543866329,825.193390565396,1373.57001636746,-41845653.6521361,-12496333.646295,-574.718402848561,91.3920051766181,97.0186258997216,14222618.5053247,-213.091068847777,-1182.09545697125,486.514334033698,615.899603211042,725.607893105945,-1714.45426875419,-3463.02070441244,NA
"tax differential companies",6837.74109057578,-115292152042.965,7403.66567292243,-4520.41946693137,-1308.70738155484,-259799382326.476,846685528835.684,-20208971646.3358,-9289938796.1362,-2176601590.04531,9893009509.5326,-20474150805.8458,-986441443186.47,2214198157973.92,-12136430589.9337,1777558949529.2,-102111007931.306,25851911075.5137,477267513704.17,-19222928095.6945,4860.48985190637,-6948.9654697765,128040235.024543,-5271.05691321042,2536973.12322549,-1217.16262002094,-5244.52761489541,-87259.4544784776,-1097398.02832936,-4920566.98686348,16226.2134500306,-36592.9837915512,25775.1314906733,11396.934316997,-1341880237.96244,125596054.8071,1094674186.90341,476.681106052606,-1289.76555793263,335.2066252022,275.558198357787,-191.341729424947,818.825879587591,10091.5413159335,-52910692.9075137,-13137782.8047909,-1859.31016208634,567.142139947458,666.962567128647,10908425.8588458,2826.87268475287,-460.125405719971,308.743004435447,-2428.16663635169,-654.896881380517,2186.78310846346,2536.22892220411,NA
"Cancellation companies",1045.60761500626,1165755365.57395,1092.60363680084,904.970508421257,801.138046393451,2012493232.88408,-5094688059.77922,-199122429.843563,97573355.2168737,31299916.7796367,161864514.975883,189607161.124263,2053642391.21138,-12136430589.9337,11061854444.1074,-2034223909.49897,1048755137.18876,-346899176.0937,-2872430693.17595,32266837.5231765,-2770.38133252744,-834.445848074476,849060.090765701,-859.197153923716,18091.8780785699,-448.539810642869,-544.25717785682,-656.149591940261,-1053670.76484416,-1334357.52993648,630.464703151252,4886.36436296828,-35.8501643404317,637.765622415439,4797358.78966294,39260553.0198908,24362580.7212861,-27.9176865030838,32.3334913632403,-22.2906940349626,-99.9297733327322,-115.833415182065,-345.907931078889,-116.399742058777,431385.365689292,367851.859271557,-29.3383598855227,-15.0195361450517,-13.3313026006682,-523728.093893879,-67.19097061861,-205.177098667526,-131.959320916576,52.0705524565618,126.937364238124,-3.17443296406091,13.0372531475132,NA
"Income tax for self-employed individuals and companies (advances and deductions)",20301.3126410746,-155363593344.167,20683.6561688315,7271.1009966573,6920.70483588615,16192828906.5475,763923970151.178,-13651815278.3801,-48886257398.5841,-3100514860.50291,35616706432.4576,-12996412411.7265,-182174163876.682,1777558949529.2,-2034223909.49897,2335851768988.58,-98349821740.8018,13422755918.6493,398754711107.655,-24088688138.6064,5440.07608656451,9228.14268656737,38373693.6151607,5733.52763384004,14934959.2597224,679.531099250547,-2556.47649909095,-71327.1245487995,36548720.0586504,10341969.1605895,12988.9500754528,-28606.3617352683,23566.4124867645,6204.47570446453,-1934423990.94963,222615838.864239,3641237955.15402,-33.894102060742,-689.339583042769,396.96085252873,1269.6750681208,1180.74201545316,1965.4907685922,17357.4060710558,-132207318.056537,-31526023.0057985,-4603.39360763697,948.350047537571,1135.55234665341,30169369.8159274,3488.91332398062,-1414.0750413218,1319.85417491823,-2324.70486461994,130.359063619911,1355.14692955877,-75.5790347066734,NA
"Companies returns",-1825.2011569894,133679983515.992,4430.10367834633,-2569.21884773203,-1309.22143594255,5625849190.0006,-43073527080.3779,-278059970.852392,6777060859.10401,678539565.394929,-886430040.464865,-325231968.602302,40049771193.4998,-102111007931.306,1048755137.18876,-98349821740.8018,124748426194.016,-535908284.357556,-26212756084.0845,2298026114.33135,3517.99945859465,-632.172624749923,25309192.1917971,1843.11769881695,-265650.394764452,-1055.01602341509,-252.486777836051,-3696.50827278747,-14280844.3691955,-12655597.5566343,-199.031814443898,-1403.67159557755,2650.13587363902,149.297224022757,358917834.318755,-238081140.597126,-28157648.2943027,-80.2578550395828,1009.17428559701,369.471254107894,1480.77566791928,1084.67249657661,501.128582201131,-770.52895393311,18982136.5184436,6493093.64330965,853.541002792292,-7.82209005010177,-10.7246302816973,2895427.7518012,-397.983855715014,-1320.04212845084,-472.628512239477,-109.911530557355,-147.222287299672,-442.333323185366,-1087.26651466727,NA
"excess expenses",189.751681926087,-655294898.027453,178.227783194493,195.070946854145,136.246639110911,-4932683029.82342,11583819784.5731,-284619026.808065,-116592777.500166,-22157736.6985589,-162980331.897215,-159714630.739145,-18584459960.7729,25851911075.5137,-346899176.0937,13422755918.6493,-535908284.357556,723944770.343943,6012277606.42103,20363374.810865,258.47951005375,198.014541629697,252591.973273193,186.808615212105,-134229.972415979,1.67095440459182,-32.1932402363713,-830.890145048319,-362727.810609442,-359693.985564872,50.858262516501,-374.591525313453,394.539328231002,257.40287457654,-6927255.25113466,10290888.3054946,-23850322.554513,-10.1479545764612,41.6779881953915,2.16655481847697,34.8687989036161,-21.1667369283267,9.83876821296939,25.3591589187177,551127.053668301,247882.970675077,20.6362089176834,4.73183841399261,4.84083367437833,-55092.0614840748,42.2347126378612,16.2294980835875,-14.4102269241728,-16.3596803493436,-20.966974500059,24.5315857003127,56.3870929198451,NA
"Bonds and dividends",22216.7471446832,-38108864062.056,21495.6915608252,30578.8419330188,14642.9687893974,-51869585450.0105,215283813316.186,-6515132639.87374,-11894465772.0279,-809313232.965309,2581543173.3473,-3237018732.99222,-233184366998.595,477267513704.17,-2872430693.17595,398754711107.655,-26212756084.0845,6012277606.42103,495119992179.672,-7510989910.65133,-4975.53898118206,1361.65702007045,-36963312.9958935,-9039.90179254788,551669.112135731,-63.764509964697,247.359175750395,-29014.3125881468,-427851.280921951,-2592950.74471328,1567.52509960234,-39278.0174200941,112.834345152199,1997.08281710023,-1155480514.47508,-58042068.8988059,187589852.739929,86.5637641944288,-793.043841318116,-9.39668340607919,-736.096163371444,-781.193909093235,-356.420425739296,2695.0332459354,2843211.37794361,5789466.53359865,328.852251508108,259.176816370384,268.416796831589,1458019.87177473,899.240214563611,577.454318432829,764.544434299621,-838.698727093231,-487.452536306506,-249.09216452593,-184.884437294952,NA
"Cancellations Deductions",466.887931107867,3943061100.70112,445.154539689475,473.445370647836,93.3802502069355,711331771.919808,-8203455853.76767,300371305.258694,1163126659.22363,36335850.5792051,-983104252.140181,-963273525.127422,1966614359.80455,-19222928095.6945,32266837.5231765,-24088688138.6064,2298026114.33135,20363374.810865,-7510989910.65133,4900403538.72225,-1646.44237151265,279.095191843791,-3385076.75092236,-323.410644394084,-81948.5875247623,258.851645113437,186.47005481395,1411.8250902551,1837751.07300126,2750994.63384162,68.4947441802264,-180.404298859826,327.845874327853,168.070206243286,21662491.9563755,54578417.7089211,-79598857.5146635,63.3267778453396,69.2430796730233,19.0225690172525,216.993438092847,178.536143125803,93.8347856358873,-368.97517004681,2064518.50410171,892095.781125064,301.15001517207,15.8479230145928,4.84780332479709,1225605.13965256,-67.4256822533156,192.020910819926,233.15501464896,-55.3624185881208,25.3564497014378,-88.4809242465839,9.0170011382677,NA
"Goods and services",0.00167529887620581,68.7657907183178,0.00156058371696756,0.00276008595914229,-0.00245906845640564,217.347619371428,1922.40225724181,507.841266149305,-1863.09055598368,-306.943448615546,347.360313990052,-930.900443820637,-708.115837559282,4860.48985190637,-2770.38133252744,5440.07608656451,3517.99945859465,258.47951005375,-4975.53898118206,-1646.44237151265,0.108948899155741,0.0128849187030436,-3.42221446378774,0.0125852701268025,-0.0785572245053175,0.00131119303081067,0.00140300983229414,0.00421366164514769,12.2775010836171,13.0193048622279,0.00200448063366493,-0.0015061865705653,0.00414855962065716,-0.00122867001238307,-179.528852904102,-306.906191659181,59.1122671357234,7.78237463607217e-05,-0.00109286757970376,-2.15478670544197e-06,-0.000800419059078391,-0.00063155706786113,-0.000264189381924612,-0.00105171300757808,-13.7499666295695,-5.93631668911528,-0.000750717733810162,-0.000106191989350908,-6.40925379080555e-05,-0.917763039653455,-0.000369570169182239,0.000673956332609323,-6.52286368536206e-05,-0.000338351752022208,0.00041737780084189,-0.000203452392891707,-0.000235985435280128,NA
"Gross local VAT",0.00818793399386326,-4573.54143974046,0.00856052394941266,0.00773856215111846,0.00881725410138222,5286.96671180609,3968.09986370632,211.429973020942,-3408.56423622841,-287.149816491001,-292.486785484741,1438.3291184008,8144.84418732518,-6948.9654697765,-834.445848074476,9228.14268656737,-632.172624749923,198.014541629697,1361.65702007045,279.095191843791,0.0128849187030436,0.0664709579307522,-39.5168054599391,0.0559000203999377,0.20348579452313,0.00379325754362518,0.00636073295228818,0.00237631019456444,1.38681471580467,1.70734412327742,0.00443475935280069,0.0225140802729677,0.00708775040175791,0.00307029166794801,-117.605865948356,-127.281576086257,71.4618806714364,5.21171578127789e-05,-0.000251696062717465,2.94629027718118e-06,0.000240121854765655,-0.00055735271102457,0.00018597226443891,-0.000554392015302336,-1.67120623647269,-1.98451783407398,-0.0009219091925593,0.000107251652436519,0.000148747835925892,-0.266140836777366,-8.52189381076974e-05,0.00036861020681207,0.000320333384637021,-0.000165196981563711,-5.17801870078972e-05,-0.000185532587120783,-0.000238786976452752,NA
"VAT refund autonomy and traders",-13.2369397479799,42482777.8684661,-9.89426359760932,-14.6106465511203,-9.66168362766591,-46376322.4683392,39296055.154068,-8215102.51832534,12960672.6672524,374030.604404299,-2171244.89117856,-10668846.2535494,-81258623.6298992,128040235.024543,849060.090765701,38373693.6151607,25309192.1917971,252591.973273193,-36963312.9958935,-3385076.75092236,-3.42221446378774,-39.5168054599391,591132.33171178,32.8364309509095,439.970061202218,-3.97997948901802,5.36507275110086,-60.6040773731142,-50156.994530723,-57090.415547751,2.97863743965018,-13.3898300474015,-2.38845153420082,-0.383919382356626,-600205.650578717,636212.136015376,-194989.981193728,0.0274705864579867,0.157790591029436,-0.35656167664845,-4.90340923924769,-2.61317097767972,-1.06585599309204,-5.58420475096014,56472.7957828801,-690.931201833127,-5.22052813423772,-0.464236876710524,-0.280826492848691,-3297.25805938026,-1.76664762550243,-3.37388533397426,-2.41718120079416,0.0294209331750592,0.486303183091896,0.0653118594172013,0.875599468201966,NA
"Total net VAT",0.00631338750684919,-1184.13461319627,0.0072694975005719,0.00518494313795424,0.00726388028549536,4074.33126398876,4823.20089101295,-100.049874147899,-2409.89902829442,-312.484687753305,-326.720763900185,427.425427699802,3629.94031702685,-5271.05691321042,-859.197153923716,5733.52763384004,1843.11769881695,186.808615212105,-9039.90179254788,-323.410644394084,0.0125852701268025,0.0559000203999377,32.8364309509095,0.0703817723020444,0.166003099854538,0.00376253545821231,0.0144059659948178,0.00389956496878366,5.20870436842529,5.54545422317101,0.00333621504285606,0.02128858286961,0.00577487111460456,0.00197561160088003,-186.269467112696,-32.6730437238007,87.2440253416315,0.00012509078529094,-0.000219833069784411,1.16824240976661e-05,4.10065562222511e-05,-0.000515638803884134,0.000256505145392824,-0.000534232723301874,-0.395168640938432,-2.73952042841031,-0.000689122860736985,2.19970416813368e-05,4.90292948464572e-05,-0.12921311621508,-0.000247673429992787,-0.000148634851601808,-2.9204469618126e-05,-0.00010240356526336,4.64623504464404e-05,-0.000106583093228945,-0.000193758539602934,NA
"Net local sales tax",0.128412054079478,-1082689.62277058,0.13302672950868,0.229188854033105,0.213744191806177,3146257.08898576,2575389.89000221,-26717.4960521781,-805779.226941538,-43848.2632119895,502487.61407438,149992.887823426,7127152.33047571,2536973.12322549,18091.8780785699,14934959.2597224,-265650.394764452,-134229.972415979,551669.112135731,-81948.5875247623,-0.0785572245053175,0.20348579452313,439.970061202218,0.166003099854538,945.081734298099,-0.0291386313195801,-0.14784805878295,-0.0287529120804531,1169.67990060185,718.256447473877,-0.0968005529882803,0.0382041620149078,-0.122421824667809,-0.263482659843959,-44749.4005219865,4305.27851177889,23352.3684720153,0.00596292097133342,-0.0445622926806754,0.00526988826606987,0.0246413438005336,0.0271274521030774,0.00483598408337124,0.118188766061157,-104.169906819403,23.8546575978557,0.002710096063878,-0.00333557689251084,-0.00366224586995741,636.452571765985,0.0268370653764995,0.0784538239546727,0.0372867368217455,0.00196381182885979,0.0581297850102237,-0.068871506324913,0.0347487281570416,NA
"Gross fuel tax",0.00107259279787087,-1498.65438692403,-7.2230911755413e-05,0.00039972043036265,-8.78352434557e-05,331.243423287574,-490.407527818916,86.1166054715001,-393.528486627451,16.220656123459,-56.6029069390083,146.542061507741,2658.4200666369,-1217.16262002094,-448.539810642869,679.531099250547,-1055.01602341509,1.67095440459182,-63.764509964697,258.851645113437,0.00131119303081067,0.00379325754362518,-3.97997948901802,0.00376253545821231,-0.0291386313195801,0.0123296591745571,0.00362317952761975,0.00122656289110338,1.37372143301923,1.50878921638012,0.00207880851071839,0.0149344821493977,0.00126274382739562,0.0027019221993887,52.590143756894,84.4854094872057,54.6957469123181,5.26583348472325e-05,0.000340239603689099,0.000130710272386012,0.00128217721323187,0.000629214987841409,0.000277576029447859,0.0014524427856732,-9.29135396457954,2.20844429394681,8.22849289107084e-05,1.12337081227631e-05,5.28529805037685e-06,0.071537698783438,0.000375695712518303,-3.32230772517317e-05,0.000267578516712664,-0.000140483958419465,6.75580062517705e-05,0.000100649057293975,7.40169102680664e-05,NA
"Gross import VAT",0.00366848033515761,-1760.01881195727,0.00248004306747556,0.00368117267251186,0.00278802579039505,2871.64404426298,-645.884688553046,175.673026872897,-996.704448158671,-179.083666384154,-351.301261868271,1223.14621406902,1850.43217744239,-5244.52761489541,-544.25717785682,-2556.47649909095,-252.486777836051,-32.1932402363713,247.359175750395,186.47005481395,0.00140300983229414,0.00636073295228818,5.36507275110086,0.0144059659948178,-0.14784805878295,0.00362317952761975,0.0202486389907564,0.0115875791466877,13.4719852767111,14.8427401482854,0.000744720389993953,0.00763806149655722,-0.00143519199798074,0.00264460586855727,-93.7373366518967,46.4112783551276,76.1904164333043,0.000123708670148548,-3.64109532090872e-05,0.000100871105004835,0.000522230220491724,0.000584564808793404,0.00030089106040626,0.00139255273376393,-6.60800029394817,0.441619995319679,0.000597599678427469,5.6749521293911e-05,2.52804027692651e-05,0.495884892235114,1.14625688435881e-05,3.97249863342341e-05,0.000176891497284854,-3.56354610806342e-05,0.000265077951539186,-5.10418455008048e-05,0.000131792128850575,NA
"Net customs",0.00249810938550094,-7219.91147422652,0.00117749761641671,0.00116710564073797,0.00160418786134991,17869.9708726426,-34165.5771279299,2781.74919807428,-3129.3250957233,-165.105907293623,349.340220326111,6009.29382071451,32130.5505933472,-87259.4544784776,-656.149591940261,-71327.1245487995,-3696.50827278747,-830.890145048319,-29014.3125881468,1411.8250902551,0.00421366164514769,0.00237631019456444,-60.6040773731142,0.00389956496878366,-0.0287529120804531,0.00122656289110338,0.0115875791466877,0.0637550509725142,51.8787585360641,58.7531546110342,0.00244477455412722,0.0165085050528556,0.00211055585203543,0.00217868700817135,100.928429095348,-98.5227144752618,37.5776664535523,9.84280206322672e-05,-0.000751556048636722,0.000168081102572293,0.00123426589855759,0.00127089498387039,0.000943194501832473,-0.000950216424668158,-12.7962050657273,-1.26521324865951,-0.000257171168101573,-4.24146691604887e-05,-4.11478447783518e-05,1.2179037775664,-0.000157190550453703,-0.00071064015929979,-0.000505434052002195,-0.00016850730887493,-0.000134533452819227,5.14480392033732e-05,9.37646743997686e-06,NA
"Net import purchase tax",-0.597471396781591,-26414484.6368093,-1.9385581941668,-0.269784916454357,-0.115070254036739,19807763.2408487,8246064.07183115,2782818.60746647,-10504759.7496871,-850821.686594337,3412357.35037817,3494889.41685807,10845056.8218421,-1097398.02832936,-1053670.76484416,36548720.0586504,-14280844.3691955,-362727.810609442,-427851.280921951,1837751.07300126,12.2775010836171,1.38681471580467,-50156.994530723,5.20870436842529,1169.67990060185,1.37372143301923,13.4719852767111,51.8787585360641,143312.407734375,152021.150070228,-2.32931857792796,25.9173421074516,-1.83860071558703,-3.02833461541406,-251787.432799305,30192.6696006099,384391.15424034,0.393079412560966,-1.13024263174961,0.222563644608285,0.710482213081134,1.38699228145368,0.432106927228869,0.758987112805217,-17103.6438257382,681.944838164614,-2.98036809521396,-0.0207436935688062,0.0772661955855157,11569.8677548593,-0.101041998510516,-0.276726487277611,-0.247577567655138,-0.778010922215171,-0.197070171087705,-0.0769055703158265,-0.645844883844381,NA
"Total import taxes",-0.388397388944118,-22439986.8427666,-1.89826122310721,-0.0668041613339701,-0.00707149074902621,15002158.6642898,7719991.91143495,3003588.45440295,-7899758.43359769,-835197.630471255,1832711.25752214,4503867.73265738,-6409161.51212321,-4920566.98686348,-1334357.52993648,10341969.1605895,-12655597.5566343,-359693.985564872,-2592950.74471328,2750994.63384162,13.0193048622279,1.70734412327742,-57090.415547751,5.54545422317101,718.256447473877,1.50878921638012,14.8427401482854,58.7531546110342,152021.150070228,165261.536165997,-1.84791338614662,28.0583402126075,-1.54291355262271,-2.59984529919993,-178059.072720884,22054.0887551631,401103.252558637,0.526377065257588,-1.23115326111598,0.308902154091676,0.943003620655383,1.61342644155303,0.5398588254356,1.05387508404456,-14881.9844002827,2461.92999974301,-3.39573226557764,-0.00511330787602415,0.110402573891473,13184.8011792368,-0.26874268266157,-0.539082540982924,-0.427247478801292,-0.84921524059233,-0.227260487856036,0.0404122862668869,-0.542391415476531,NA
"Real estate taxation",0.00319354869319133,-763.652303577736,0.00300016506821681,1.53572302870161e-05,0.00105248075684944,-2584.71784962919,3616.73438945982,-0.454571356325084,-166.794744314976,147.087969848447,-98.7087491524101,2560.44217780223,-4421.40359105607,16226.2134500306,630.464703151252,12988.9500754528,-199.031814443898,50.858262516501,1567.52509960234,68.4947441802264,0.00200448063366493,0.00443475935280069,2.97863743965018,0.00333621504285606,-0.0968005529882803,0.00207880851071839,0.000744720389993953,0.00244477455412722,-2.32931857792796,-1.84791338614662,0.0312971943675295,0.0282973439959578,0.0314158048591619,0.0249351517812415,116.170765051107,-292.702940193915,199.354213809524,0.000115753301798171,0.000727387595601584,0.000145329487702587,0.00048939177510787,0.000544579213957537,0.000891884869773709,0.00132051897425858,-2.70685914026984,0.564827913391644,0.000895657480942108,0.000112727352206355,8.14748600189855e-05,0.499968753928694,0.000340820437197229,0.000599842165476749,0.000615503497124606,-0.000108320925056269,0.000153389406560013,-4.74315534285964e-05,-1.85780238446443e-05,NA
"Property tax",0.00460792891690585,-6319.32803253176,0.00277334359611487,0.00388679302887093,0.004795373458136,4877.22702360422,-11784.6000025107,1981.9197463551,-2843.15804885966,864.025452172094,81.7643100548657,6235.69724901827,11172.5894320958,-36592.9837915512,4886.36436296828,-28606.3617352683,-1403.67159557755,-374.591525313453,-39278.0174200941,-180.404298859826,-0.0015061865705653,0.0225140802729677,-13.3898300474015,0.02128858286961,0.0382041620149078,0.0149344821493977,0.00763806149655722,0.0165085050528556,25.9173421074516,28.0583402126075,0.0282973439959578,0.383740714227278,0.0117973545906103,0.0197277470540271,739.039579501399,-449.959997516438,104.11442201474,0.000109051569689361,0.000284066211895235,0.000227816897524626,0.00216135850980092,0.00053832550663811,0.000789685206903076,0.0013891080570406,-61.1687149135801,-5.34504651063359,0.00137961005030578,-0.000408344365317442,-0.00045035929665074,0.34330280122588,-0.000118125478450624,0.000893332553332644,0.00127691413322435,-0.000524289437161119,0.000956320790119772,0.000691239131932798,0.00109953212208724,NA
"praise tax",0.00176526932680965,2623.89585692847,0.00246513816410623,-0.00174964540068506,0.000283892873541405,-2535.52051186886,8164.21535906785,-148.716020920157,199.321117064889,253.439641255034,59.3658720382678,2009.05714463887,-7246.62252295154,25775.1314906733,-35.8501643404317,23566.4124867645,2650.13587363902,394.539328231002,112.834345152199,327.845874327853,0.00414855962065716,0.00708775040175791,-2.38845153420082,0.00577487111460456,-0.122421824667809,0.00126274382739562,-0.00143519199798074,0.00211055585203543,-1.83860071558703,-1.54291355262271,0.0314158048591619,0.0117973545906103,0.0505234222314318,0.0201707739420066,231.831355402925,-196.821191788647,225.100533960578,0.000125278859617772,0.000707844785381122,0.000162818304643232,0.000745609367398109,0.000459930396632593,0.00108307840872532,0.00205577939619112,0.0682571739126545,1.40966883148506,0.00231917265621583,0.0002117022419579,0.000130283112366616,1.0550173325045,0.000148038742838532,0.00054433018149514,0.0002992551839084,-1.92168742571444e-05,-0.000126814897849031,-0.000128635530001434,-0.000656975136885146,NA
"Real estate purchase tax",0.00334008194245461,-446.505943798268,0.00298112960441799,0.000347039841505978,0.000554121866844319,-2295.99059781607,4586.09209619992,67.8149480559008,36.9756521566482,45.6850398943455,-304.21326788576,2952.1588632333,-7523.55781600771,11396.934316997,637.765622415439,6204.47570446453,149.297224022757,257.40287457654,1997.08281710023,168.070206243286,-0.00122867001238307,0.00307029166794801,-0.383919382356626,0.00197561160088003,-0.263482659843959,0.0027019221993887,0.00264460586855727,0.00217868700817135,-3.02833461541406,-2.59984529919993,0.0249351517812415,0.0197277470540271,0.0201707739420066,0.0278576639038449,45.0627939714322,-289.546241618902,183.965667782866,6.49144652664015e-05,0.00088336258282751,0.000120192817671825,0.000369968086233491,0.000550656152822422,0.000701391957385298,0.00117704462783136,-3.96753372894965,0.0907970924259306,-0.000157290915023699,3.1544602809321e-05,3.65231081212025e-05,0.332437904972778,0.000675683838436529,0.000675182231066733,0.000638741387721103,-0.000121518185813796,0.000198668753297151,-1.55556671822333e-05,0.000168041379666043,NA
"praise tax returns",158.275922331682,795465499.852761,229.616552131515,188.749786041227,134.22627407284,5360683.7204139,-1115014888.99103,121378786.818995,283352316.797628,202855030.217346,-19550011.2429058,-124176072.041855,459451312.400269,-1341880237.96244,4797358.78966294,-1934423990.94963,358917834.318755,-6927255.25113466,-1155480514.47508,21662491.9563755,-179.528852904102,-117.605865948356,-600205.650578717,-186.269467112696,-44749.4005219865,52.590143756894,-93.7373366518967,100.928429095348,-251787.432799305,-178059.072720884,116.170765051107,739.039579501399,231.831355402925,45.0627939714322,201586569.680659,32447549.7479217,3648384.12577007,2.38080379715965,-26.0597495862055,5.26477117706319,35.0699104539885,30.6121289312598,15.669066423909,96.980549278053,-277187.804817015,-49677.498233886,26.6203074954297,-5.23365717256178,-5.87742626417072,-104726.831695477,-30.4275603588922,-67.971394039238,-53.4987119628653,-4.40530976304089,-13.0495653870183,8.30441196916797,-27.861560266847,NA
"purchase returns",88.9120174576566,-186079127.845498,92.8914908075603,189.369781820242,124.968098687524,124809560.837367,-134428774.122549,12791222.7958749,-6669475.55215704,29461857.0453116,-18911069.96383,-17733456.4833331,65707417.0005075,125596054.8071,39260553.0198908,222615838.864239,-238081140.597126,10290888.3054946,-58042068.8988059,54578417.7089211,-306.906191659181,-127.281576086257,636212.136015376,-32.6730437238007,4305.27851177889,84.4854094872057,46.4112783551276,-98.5227144752618,30192.6696006099,22054.0887551631,-292.702940193915,-449.959997516438,-196.821191788647,-289.546241618902,32447549.7479217,68402234.4503506,-730348.705248974,1.19713973374469,-0.620188428287976,-0.723664918851054,6.88185134970539,-13.9073959398406,-24.269380658144,-19.4453620965882,-282590.555606097,-96313.7791279556,-38.321171652691,-7.73715666625128,-6.72415286990752,-8610.47888039812,-26.3925258255824,-30.8912532005233,-23.3151021156412,0.37488003186461,-3.44172306708276,-7.57424098818533,1.9333029773187,NA
